02 09 13 17 26 28	07
09 15 18 21 23 26	08
01 03 07 21 27 32	01
12 15 16 22 29 32	14
10 14 17 22 26 27	05
08 17 24 26 27 31	04
05 09 14 20 24 30	08
02 04 10 17 22 25	14
01 03 11 12 19 26	07
09 14 21 23 26 32	03
02 05 08 12 26 31	14
01 05 07 23 28 30	12
03 10 19 25 26 31	02
02 14 15 16 32 33	01
02 08 13 29 32 33	15
03 06 08 11 19 28	08
04 09 17 20 32 33	15
01 07 09 12 18 22	04
12 14 18 23 30 32	02
04 10 17 19 28 32	01
13 19 25 26 27 32	08
02 03 15 21 22 33	16
07 08 16 17 19 24	07
01 11 24 25 27 30	07
02 06 07 11 14 31	03
06 07 16 22 24 25	13
01 06 12 16 19 21	04
02 09 10 11 16 29	02
01 06 07 18 23 24	15
01 04 11 13 17 24	15
07 09 16 22 24 32	06
10 14 24 25 28 33	11
02 08 15 16 26 32	03
07 10 12 21 31 32	01
03 11 13 14 15 26	13
02 05 09 15 16 27	09
17 18 21 29 30 32	03
01 12 18 20 30 32	05
05 06 15 18 26 32	08
12 13 14 24 25 28	06
01 04 09 18 19 31	06
01 09 10 15 20 29	02
10 13 27 28 29 31	08
04 05 20 21 30 33	08
02 10 20 22 25 30	02
02 06 14 16 27 31	07
01 06 09 13 15 22	14
15 19 27 28 30 33	03
05 07 08 11 17 22	13
02 04 07 15 20 27	04
05 06 08 17 24 27	07
08 09 22 24 30 33	01
02 07 08 10 12 16	07
02 08 10 20 21 30	14
04 13 14 23 26 31	09
04 05 07 17 18 29	01
11 14 22 27 31 32	09
03 06 08 14 19 26	12
01 04 06 10 11 28	16
05 12 17 20 25 31	10
03 04 05 10 16 32	09
11 16 17 22 26 32	04
02 15 17 27 32 33	03
09 17 26 29 30 32	03
04 09 14 15 16 29	11
02 15 23 26 29 30	02
02 06 09 18 24 26	14
02 09 14 22 27 29	02
01 06 27 28 31 33	07
09 10 13 20 26 27	08
01 09 12 14 23 27	12
01 04 10 12 30 32	14
01 08 13 17 18 19	16
02 12 15 19 27 30	03
05 13 15 16 26 32	09
08 14 24 27 29 33	09
10 13 14 15 17 33	14
02 04 09 11 14 22	05
08 14 20 23 30 33	11
02 06 12 30 31 32	11
07 10 13 19 23 31	06
12 14 15 17 29 33	12
03 06 10 11 27 33	03
01 04 06 22 29 30	03
03 07 16 21 24 31	07
04 06 11 14 19 33	07
09 17 19 20 24 31	04
01 07 09 11 24 32	16
03 04 07 09 15 26	07
03 08 12 16 17 19	08
02 06 07 12 17 24	10
02 14 17 29 32 33	16
02 11 12 26 27 29	03
04 09 30 31 32 33	01
02 06 08 17 28 30	06
04 10 15 19 21 23	02
02 06 15 21 30 31	02
10 12 27 31 32 33	03
04 20 22 24 26 33	07
12 14 15 25 28 31	04